socialspy: false
lastAccountName: wsdg123
timestamps:
  login: 1500024875067
  logout: 1500024979630
ipAddress: 59.59.149.223
geolocation: China
lastlocation:
  world: world
  x: 75.5
  y: 64.0
  z: 253.5
  yaw: 0.0
  pitch: 0.0
logoutlocation:
  world: spawn
  x: 3678.430155581524
  y: 6.0
  z: -792.5635253739603
  yaw: 52.596752
  pitch: -6.078346
