lastAccountName: MCdazui_shuai
timestamps:
  login: 1517366263866
  logout: 1517367600739
  lastteleport: 1517367762187
ipAddress: 182.109.236.11
socialspy: false
geolocation: China
lastlocation:
  world: sc
  x: -36.30000001192093
  y: 93.0
  z: 292.38429650375156
  yaw: -87.44794
  pitch: 23.995066
logoutlocation:
  world: sc
  x: 228.9396854482048
  y: 71.0
  z: 253.5968737231509
  yaw: -77.847565
  pitch: 12.520556
