lastAccountName: Jian_bai
timestamps:
  login: 1503666223867
  logout: 1503666238761
ipAddress: 110.251.72.41
socialspy: false
lastlocation:
  world: world
  x: 75.5
  y: 64.0
  z: 253.5
  yaw: 0.0
  pitch: 0.0
logoutlocation:
  world: spawn
  x: 3683.2192564344405
  y: 8.0
  z: -806.9768357538976
  yaw: 22.002728
  pitch: 11.680881
