jails: 
  jy: 
    world: world
    x: 948.543307424031
    y: 64.0
    z: -125.41052776232104
    yaw: -91.502075
    pitch: 5.2499967
  "[Ãû×Ö]": 
    world: hoth
    x: 387.49432464415054
    y: 70.0
    z: -241.62184110871505
    yaw: 22.34175
    pitch: 74.903534
  "[Ãû": 
    world: hoth
    x: 387.49432464415054
    y: 70.0
    z: -241.62184110871505
    yaw: 22.34175
    pitch: 74.903534
  "¼àÓü": 
    world: spawn5
    x: -502.1629215239477
    y: 139.0
    z: -685.8198491125939
    yaw: 74.25427
    pitch: 18.299982
