spawns: 
  default: 
    world: spawn
    x: 3684.649234701666
    y: 6.0
    z: -799.4487632490572
    yaw: 87.74863
    pitch: 88.89989
