world: sg1
x: -199.65074468407067
y: 254.0
z: -890.4819992187139
yaw: 202.3497
pitch: 15.899999
name: '`1'
