world: sg
x: 576.4573182129009
y: 4.0
z: 431.4384130218038
yaw: -213.59972
pitch: -5.0999913
name: ~2
