world: rpg3
x: -525.9752881875172
y: 70.0
z: 564.5999397000628
yaw: 89.5716
pitch: 0.15005991
name: bc
