world: bed
x: 344.69999998807907
y: 192.0
z: 466.3747419442866
yaw: 31.649872
pitch: 46.95002
name: bed
