world: zc
x: 258.64317560951974
y: 150.0
z: -792.4134067439426
yaw: 273.30002
pitch: -3.899991
name: bsdmm
