world: zc
x: 222.5756467866054
y: 150.0
z: -792.5936548400031
yaw: 87.15001
pitch: -17.549997
name: bsjysz
