world: sc
x: 7999940.088589794
y: 64.0
z: 7999899.101431199
yaw: 42.151005
pitch: 7.9499164
name: c
