world: wlzc
x: -66.46315546015191
y: 71.0
z: 253.24560279550974
yaw: -359.39844
pitch: 0.9000045
name: car
