world: cflat
x: 690.0
y: 4.0
z: -690.0
yaw: 83.54994
pitch: -0.29999885
name: cflat
