world: paoku
x: -36.252016679082224
y: 108.0
z: 202.0888911693404
yaw: 91.65208
pitch: 0.30007932
name: ch
