world: city
x: 280.56315106169393
y: 66.0
z: 1959.757980710411
yaw: -359.24945
pitch: -0.9000504
name: city
