world: cplot
x: 0.3763879971130002
y: 65.0
z: 0.3955412677717528
yaw: 180.1501
pitch: -3.4499788
name: cplot
