world: TK
x: -152.45607243286116
y: 100.0
z: 144.58783495584555
yaw: -266.25253
pitch: 1.9500057
name: csgh3
