world: csgh2
x: 53.319039116257805
y: 93.0
z: 33.74898141152187
yaw: 3.4019752
pitch: 61.29011
name: csgh2
