world: jsjd
x: 21.964726192758466
y: 64.0
z: 316.3287114033783
yaw: -1.798579
pitch: 2.6999497
name: csgh
