world: dmm
x: 1074.0551993368742
y: 5.0
z: -484.6051863646817
yaw: -90.74927
pitch: -6.449973
name: dmm
