world: plotworld
x: -272.4913416613056
y: 65.0
z: 234.40538698186532
yaw: 0.15017098
pitch: -0.2999767
name: dp
