world: world_nether
x: -155.80749668946822
y: 56.0
z: -127.23882953881078
yaw: -265.19995
pitch: 9.299989
name: du
