world: rpg
x: -456.46258679907527
y: 61.0
z: -221.45153760255204
yaw: 88.34561
pitch: 17.250185
name: duihuan
