world: dmm
x: 1022.235606962726
y: 11.0
z: -437.36922823201405
yaw: 2.1006775
pitch: 6.15002
name: duomaomao
