world: dy
x: 112.90478424404667
y: 83.0
z: 157.9175172171269
yaw: 88.645294
pitch: 89.5285
name: dy
