world: earthsky
x: 115.45873467015424
y: 111.0
z: 321.45204542900734
yaw: -338.2506
pitch: -6.9
name: earthsky
