world: redstone2
x: 813.5100039757104
y: 20.0
z: -1866.5133570724222
yaw: -21.749857
pitch: 90.0
name: Eavener_Mvp2
