world: '233'
x: -47.95090820987171
y: 76.0
z: -244.1876296608864
yaw: -352.50003
pitch: 80.399994
name: fb
