world: hoth
x: 404.0476465809501
y: 70.0
z: -237.36931118032268
yaw: -183.90822
pitch: 13.103675
name: fb2
