world: new
x: 163.3199007763951
y: 129.0
z: 1233.4945789891767
yaw: -271.64966
pitch: 5.9999995
name: fly
