world: lucky
x: -169.40846747421827
y: 72.75
z: 528.4794445501924
yaw: 350.89062
pitch: 87.90016
name: fm
