world: fuben1
x: -17.58330489806373
y: 65.0
z: -12.557286066262645
yaw: -120.29269
pitch: 4.04999
name: fuben1
