world: sg1
x: 398.30000001192093
y: 4.0
z: -1488.300000011921
yaw: 40.799316
pitch: 90.0
name: g1
