world: plotworld
x: -206.39429159637882
y: 65.0
z: 217.23327209947965
yaw: 91.69333
pitch: -4.6339717
name: gj
