world: sc
x: -819.6476589820776
y: 64.0
z: -1062.2569811391309
yaw: -358.6217
pitch: 3.5999868
name: home
