world: hoth
x: -72.65308674539321
y: 66.5
z: 89.1544283464201
yaw: 90.15002
pitch: -4.708767E-7
name: hoth
