world: sc
x: 262.1038039711238
y: 67.0
z: 281.9376323646803
yaw: -94.24499
pitch: 0.31432104
name: hsc
