world: plotworld
x: -127.61345023637182
y: 65.0
z: 215.45628747478932
yaw: 91.79837
pitch: 7.6499124
name: hsh
