world: hsm
x: 781.2756956356535
y: 4.0
z: -923.1011890352456
yaw: -182.09998
pitch: 24.149986
name: hsm
