world: city
x: 135.5509484727147
y: 66.5
z: -855.018104420722
yaw: -269.5495
pitch: 3.8998764
name: hz
