world: jd
x: -453.393904446138
y: 73.0
z: -488.6332323072855
yaw: -5.7
pitch: 87.15001
name: jd
