world: hsh
x: -272.46611992870754
y: 65.0
z: 273.50255296346967
yaw: -268.49933
pitch: 4.8000655
name: jdp
