world: plotworld
x: -48.443940901853544
y: 64.0
z: 127.80155503681189
yaw: -358.49985
pitch: -2.3999941
name: jiuba
