world: csgh2
x: 157.0271657996631
y: 94.5
z: -112.73103607502595
yaw: -2.0046387
pitch: 33.44986
name: jrcfx
