world: sc
x: 20.357749630955933
y: 143.0
z: -44.50050586684268
yaw: -179.40015
pitch: 10.649993
name: JX
