world: skyworld
x: -2178.5410773304525
y: 141.0
z: 1263.6089482457269
yaw: 359.5472
pitch: 8.400119
name: kd
