world: lucky
x: -145.48117588736673
y: 80.0
z: 702.2775794068025
yaw: -86.70055
pitch: 0.14997016
name: lucky
