world: myzd
x: 0.4753211572289884
y: 63.0
z: 0.48535087427467394
yaw: 179.11835
pitch: 90.0
name: myzd
