world: new
x: 150.40263179561055
y: 58.0
z: 1233.8061235780053
yaw: 0.7500394
pitch: -2.5500023
name: newsc
