world: zc
x: 240.30000001192093
y: 150.0
z: -792.5968343457558
yaw: -268.9478
pitch: -10.349882
name: oldspawn
