world: paoku
x: -559.9765512730489
y: 43.0
z: -1557.7586749386999
yaw: 1.9498037
pitch: -2.8500044
name: paoku
