world: sc
x: 20.366668057036215
y: 70.0
z: -40.76008644291302
yaw: -180.14978
pitch: 6.3000054
name: PEN
