world: paoku
x: -559.9765512730489
y: 43.0
z: -1557.7586749386999
yaw: -6.1501966
pitch: 2.9999967
name: pk
