world: paoku
x: 70.92234776741128
y: 72.0
z: 58.37564169426288
yaw: 175.95355
pitch: 10.499986
name: plants
