world: '123'
x: 389.6339861378062
y: 127.0
z: 185.94780307555536
yaw: 90.00057
pitch: 5.550024
name: playerSHOP
