world: plotworld
x: 0.6037698831873538
y: 65.0
z: -38.3294197890866
yaw: 0.7499777
pitch: -6.3000054
name: plotme
