world: world
x: 911.3753829505526
y: 104.0
z: -211.85503900157286
yaw: 8.3537697E-4
pitch: -1.9499714
name: PVP
