world: pvp
x: 0.569827935875908
y: 98.0
z: 30.168787068555513
yaw: -0.15150723
pitch: 15.899952
name: PVP1
