world: redstone
x: -6001.04441772242
y: 92.0
z: 5571.245109687183
yaw: 174.60054
pitch: 4.649859
name: redstone
