world: fuben7
x: 2.4492327450210656
y: 113.0
z: 126.40964040561911
yaw: -2.3995361
pitch: 90.0
name: rpg
