world: rpg
x: -468.5305475800329
y: 71.0
z: -13.5147846838355
yaw: 181.34375
pitch: 3.1499782
name: rpg1
