world: rpl
x: 177.49156601132844
y: 54.0
z: -83.468433163937
yaw: -188.70447
pitch: 90.0
name: rpg2
