world: rpg3
x: -533.315499612168
y: 72.0625
z: 524.5676143167284
yaw: -0.84643555
pitch: 0.14999804
name: rpg3
