world: rpl
x: 177.50842472860268
y: 54.0
z: -83.49823096843495
yaw: -354.92422
pitch: 89.63328
name: rpl
