world: sc
x: 262.1038039711238
y: 67.0
z: 281.9376323646803
yaw: -85.39143
pitch: 3.248011
name: sc
