world: zc
x: 289.60660516172175
y: 189.0
z: -894.5198134991227
yaw: -90.44978
pitch: 14.550053
name: SG
