world: sc
x: -113.3598704303703
y: 70.0
z: 237.50986037385942
yaw: -90.90113
pitch: 90.0
name: sg1
