world: sg1
x: -200.69999998807907
y: 3.0
z: -889.3940767771545
yaw: 226.49983
pitch: 74.10005
name: sg`1
