world: sg1
x: 397.81223908002
y: 256.0
z: -1490.7873035699695
yaw: 27.449554
pitch: 83.39999
name: sg`2
