world: zc
x: 262.0566385672374
y: 161.0
z: -848.2465978833092
yaw: -177.15004
pitch: 6.0000014
name: sgc
