world: plotworld
x: -134.98546777707335
y: 65.0
z: 91.30923362715001
yaw: -1.3506027
pitch: -5.550008
name: shop
