world: plotworld
x: -226.13562153541716
y: 65.0
z: 204.88826060616805
yaw: 359.8244
pitch: 6.300092
name: SHOP2
