world: world
x: 877.542905729202
y: 64.0
z: -188.87724316945025
yaw: -1.3497926
pitch: 15.4500885
name: SHOP1
