world: paoku
x: -249.13542217942816
y: 75.0
z: 277.9494212753323
yaw: 1.2004691
pitch: 16.049992
name: shop!
