world: skycity
x: 39.515244674785244
y: 97.0
z: -8.714854313737845
yaw: -0.44965324
pitch: -0.30004656
name: skycity
