world: spawn4
x: 5601.491440219599
y: 140.0
z: -5543.489635920733
yaw: 1.0499965
pitch: -7.5000057
name: spawn
