world: sc
x: -669.0727838456089
y: 75.0
z: -525.7304944752027
yaw: 1.5006164
pitch: -2.8499172
name: suizhihao
