world: syz
x: 51.32779324561685
y: 92.0
z: -53.48981854340673
yaw: 1.1990967
pitch: 4.350148
name: SYZ
