world: jsjd
x: -7.92867238082733
y: 67.0
z: 295.2794144356319
yaw: -178.95331
pitch: 10.500008
name: szc
