world: newspawn
x: 22.018075571730005
y: 49.0
z: 24.584197516028603
yaw: -90.900085
pitch: 0.9000052
name: tntrun1
