world: city
x: 95.30266250967695
y: 67.0
z: -817.1008303349236
yaw: 358.8003
pitch: 4.8000894
name: warp
