world: whl
x: -25.488159019219236
y: 93.0
z: -127.42067952376505
yaw: -94.19988
pitch: 90.0
name: whl1
