world: wlcb
x: -136.4617398300884
y: 78.0
z: -167.6571135644976
yaw: 270.96796
pitch: -15.72432
name: wlcb
