world: Lavria
x: -195.4162081185052
y: 110.0
z: 158.55570836032638
yaw: 177.60007
pitch: 90.0
name: xzkjl
