world: Resources
x: -235.56708706618326
y: 106.11246104275709
z: 309.8445540662136
yaw: -89.09998
pitch: 11.700002
name: zy
