world: spawn4
x: 5685.861270343308
y: 61.0
z: -5466.039514687057
yaw: -268.3515
pitch: 7.499972
name: zzs
