world: RPG2
x: -67.93376487973596
y: 115.48889732166411
z: -124.39591903793873
yaw: -183.59985
pitch: 7.5000057
name: zzw
