world: sc
x: 15.675973665180328
y: 70.0
z: -14.54340778530946
yaw: 91.04972
pitch: -1.2000203
name: zzz
